0.329500 0.340000 0.017500
0.329494 0.375100 0.017500
0.329353 0.410200 0.017500
0.328525 0.445290 0.017500
0.325819 0.480286 0.017500
0.319386 0.514791 0.017500
0.307080 0.547663 0.017500
0.287523 0.576810 0.017500
0.261263 0.600100 0.017500
0.230411 0.616837 0.017500
0.197107 0.627921 0.017500
0.162695 0.634840 0.017500
0.127835 0.638930 0.017500
0.092807 0.641187 0.017500
0.057725 0.642314 0.017500
0.022629 0.642799 0.017500
0.041512 0.037405 0.017500
0.076603 0.038186 0.017500
0.111663 0.039848 0.017500
0.146623 0.042987 0.017500
0.181295 0.048453 0.017500
0.215228 0.057428 0.017500
0.247436 0.071380 0.017500
0.276116 0.091616 0.017500
0.298963 0.118261 0.017500
0.314549 0.149711 0.017500
0.323442 0.183666 0.017500
0.327606 0.218518 0.017500
0.329112 0.253586 0.017500
0.329466 0.288684 0.017500
1.167930 0.642711 0.017500
1.132835 0.642091 0.017500
1.097762 0.640716 0.017500
1.062764 0.638046 0.017500
1.027985 0.633307 0.017500
0.993785 0.625411 0.017500
0.960972 0.612948 0.017500
0.931120 0.594485 0.017500
0.906496 0.569472 0.017500
0.888926 0.539086 0.017500
0.878393 0.505604 0.017500
0.873174 0.470894 0.017500
0.871130 0.435854 0.017500
0.870574 0.400758 0.017500
0.870501 0.365658 0.017500
0.870500 0.330558 0.017500
0.870517 0.295458 0.017500
0.870765 0.260359 0.017500
0.871952 0.225279 0.017500
0.875455 0.190354 0.017500
0.883264 0.156134 0.017500
0.897452 0.124029 0.017500
0.918953 0.096286 0.017500
0.946685 0.074769 0.017500
0.978379 0.059686 0.017500
1.012078 0.049870 0.017500
1.046654 0.043829 0.017500
1.081578 0.040316 0.017500
1.116627 0.038423 0.017500
1.151715 0.037508 0.017500
0.600000 0.426000 0.253597
0.432000 0.107000 0.106926
0.768000 0.107000 0.106926
0.600000 0.066000 0.065990
0.352000 0.620000 0.059990
0.847000 0.620000 0.059990
0.900000 0.041000 0.040107
0.301000 0.040000 0.039790
0.821000 0.239000 0.035257
0.380000 0.239000 0.034936
0.266000 0.649000 0.030459
0.932000 0.650000 0.029524
0.433000 0.652000 0.027091
0.765000 0.653000 0.026990
0.559000 0.149000 0.026410
0.641000 0.149000 0.026410
0.239000 0.024000 0.023509
0.961000 0.023000 0.022990
0.850000 0.539000 0.020744
0.350000 0.539000 0.020744
0.526000 0.021000 0.020468
0.674000 0.021000 0.020468
0.217000 0.660000 0.019750
0.980000 0.660000 0.019496
1.182000 0.018000 0.017990
0.365000 0.290000 0.017908
0.835000 0.290000 0.017619
